0056 1
0048 -1
0115 -1
0149 1
0221 1
0234 -1
0238 -1
0242 1
0263 -1
0272 -1
0306 2
0314 -1
0332 1
0341 2
0374 -1
0375 1
0415 -1
0419 -1
0507 1
0556 -1
0563 2
0620 -1
0621 -1
0630 1
0668 -1
0693 1
0718 1
0728 1
0778 -1
0789 -1
0792 -1
0846 -1
0856 1
0861 1
0877 1
0889 1
0892 -1
0896 -1
0897 -1
0917 1
0920 -1
0970 -1
1027 -1
1041 2
1060 -1
1061 -1
1081 1
1086 1
1098 1
1133 -1
1169 1
1172 2
1193 2
1224 1
1251 1
1263 1
1287 -1
1312 -1
1333 -1
1340 -1
1420 -1
1535 -1
1542 1
1581 2
1605 -1
1654 1
1656 1
1695 -1
1698 1
1699 -1
1718 -1
1727 2
1728 1
1771 2
1795 -1
1848 2
1849 -1
1874 1
1917 -1
1922 -1
1923 1
1949 -1
1949 -1
2041 -1
2046 -1
2147 -1
2166 -1
2193 1
2230 -1
2236 1
2239 1
2249 1
2356 -1
2379 -1
2391 1
2418 -1
2449 -1
2480 -1
2491 -1
2513 -1
2532 2
2541 -1
2570 2
2571 2
2590 -1
2595 -1
2615 -1
2626 -1
2654 1