0007 0
0020 1
0048 -1
0061 0
0081 -1
0107 0
0115 -1
0143 -1	
0173 -1
0220 -1
0234 -1
0238 -1
0294 0
0325 -1
0337 -1
0401 1
0402 -1
0528 -1
0554 -1
0652 -1
0674 1
0705 -1
0800 0
0897 -1
0917 1
1082 -1
1151 -1
1163 -1
1221 -1
1280 0
1309 -1
1312 -1
1329 -1
1333 -1
1455 -1
1505 1
1506 1
1531 1
1535 -1
1541 -1
1553 -1
1563 1
1590 0
1605 -1
1674 -1
1727 0
1753 -1
1753 -1
1771 -1
1789 -1
1833 -1
1849 -1
1863 -1
1900 -1
1906 -1
1987 -1
2033 0
2063 1
2074 -1
2147 -1
2171 -1
2191 -1
2192 -1
2204 -1
2302 0
2360 -1
2404 -1
2418 -1
2420 -1
2428 -1
2451 -1
2548 0
2571 0
2596 -1
2658 -1